Some((
    red: 0.1898734,
    green: 0.17756678,
    blue: 0.17756678,
))