Some((
    red: 0.08182066,
    green: 0.083719224,
    blue: 0.10460347,
    alpha: 1.0,
))