Some((
    red: 0.10161403,
    green: 0.10877261,
    blue: 0.1427759,
    alpha: 1.0,
))