Some((
    red: 0.027450979,
    green: 0.035294123,
    blue: 0.12941177,
    alpha: 1.0,
))