Some((
    red: 1.0,
    green: 0.28996912,
    blue: 0.009259284,
))