Some((
    red: 0.11973399,
    green: 0.09345456,
    blue: 0.08031487,
    alpha: 1.0,
))