Some((
    red: 0.120179,
    green: 0.11037341,
    blue: 0.11037341,
))