Some((
    red: 0.07571496,
    green: 0.07594937,
    blue: 0.0745429,
    alpha: 1.0,
))