Some((
    red: 0.9240506,
    green: 0.9240506,
    blue: 0.9240506,
))