Some((
    red: 0.015686274,
    green: 0.07843137,
    blue: 0.18039216,
    alpha: 1.0,
))