Some((
    red: 0.9647059,
    green: 0.3686275,
    blue: 0.09411764,
))