Some((
    red: 0.9529412,
    green: 0.9607843,
    blue: 0.9490196,
    alpha: 1.0,
))