Some((
    red: 0.92156863,
    green: 0.84705883,
    blue: 0.8117647,
    alpha: 1.0,
))