Some((
    red: 0.2627451,
    green: 0.2235294,
    blue: 0.16470589,
))